0 0.180000 0.338968 0.042000 0.076512
0 0.200500 0.291815 0.041000 0.071174
0 0.242500 0.236655 0.053000 0.078292
0 0.274500 0.213523 0.069000 0.071174
0 0.285500 0.193060 0.061000 0.062278
0 0.313000 0.177936 0.062000 0.071174
0 0.357000 0.164591 0.054000 0.080071
0 0.383000 0.159253 0.040000 0.069395
0 0.454500 0.177936 0.057000 0.056940
0 0.516000 0.165480 0.070000 0.067616
0 0.588500 0.164591 0.065000 0.065836
0 0.657500 0.159253 0.065000 0.076512
0 0.727000 0.169929 0.062000 0.072954
0 0.793500 0.177046 0.067000 0.072954
0 0.873500 0.193060 0.059000 0.072954
