0 0.300781 0.197569 0.036719 0.038194
0 0.324609 0.180903 0.032031 0.034028
0 0.882031 0.418403 0.039062 0.054861
0 0.847070 0.382986 0.044922 0.063194
0 0.801562 0.347917 0.043750 0.052778
0 0.750195 0.308333 0.044922 0.056944
0 0.708789 0.280556 0.030859 0.048611
0 0.665625 0.260764 0.036719 0.042361
0 0.607422 0.226042 0.039062 0.052083
0 0.578320 0.209028 0.035547 0.048611
0 0.550781 0.190278 0.032031 0.052778
0 0.519922 0.184028 0.034375 0.048611
0 0.483789 0.168056 0.035547 0.041667
0 0.420312 0.150347 0.025000 0.052083
0 0.399805 0.152431 0.021484 0.039583
0 0.382617 0.154514 0.015234 0.047917
0 0.373047 0.159722 0.025000 0.041667
0 0.352344 0.167361 0.023438 0.056944
